 step   train loss  nudged by 1e-12   held-out loss     nudged
    0     1.429187         1.429187        1.478939   1.478939
   25     0.727803         0.727803        1.666671   1.666671
   50     0.525403         0.525403        1.564036   1.564036
   60     0.631461         0.631461        1.574613   1.574613
   70     0.208339         0.208347        1.179501   1.179517
   75     0.581304         0.580148        1.207885   1.206682
   80     0.602086         0.599439        1.239171   1.236996
   90     0.376693         0.322604        0.808559   0.995614
  100     0.034635         0.211520        0.251165   0.896438
  125     0.003914         0.041846        0.042737   0.279762
  150     0.001926         0.003073        0.020251   0.167249
  200     0.000912         0.001132        0.008777   0.154761
