 step   train loss  nudged by 1e-12   held-out loss     nudged
    0     1.596249         1.596249        1.497033   1.497033
   25     0.715460         0.715460        1.434758   1.434758
   50     0.473335         0.473335        1.889289   1.889289
   75     0.341950         0.341950        1.794577   1.794577
  100     0.357390         0.357390        1.879108   1.879108
  125     0.051688         0.051688        2.015563   2.015568
  150     0.014850         0.014850        2.200396   2.200396
  175     0.005666         0.005666        2.268457   2.268457
  200     0.003145         0.003145        2.326972   2.326971
